244 237 124 Pantone 100
244 237 071 Pantone 101
249 232 020 Pantone 102
198 173 015 Pantone 103
173 155 012 Pantone 104
130 117 015 Pantone 105
247 232 089 Pantone 106
249 229 038 Pantone 107
249 221 022 Pantone 108
249 214 022 Pantone 109
216 181 017 Pantone 110
170 147 010 Pantone 111
153 132 010 Pantone 112
249 229 091 Pantone 113
249 226 076 Pantone 114
249 224 076 Pantone 115
252 209 022 Pantone 116
247 181 012 Pantone 116 2X
198 160 012 Pantone 117
170 142 010 Pantone 118
137 119 025 Pantone 119
249 226 127 Pantone 120
247 232 170 Pantone 1205
249 224 112 Pantone 121
249 224 140 Pantone 1215
252 216 086 Pantone 122
255 204 073 Pantone 1225
255 198 030 Pantone 123
252 181 020 Pantone 1235
224 170 015 Pantone 124
191 145 012 Pantone 1245
181 140 010 Pantone 125
163 127 020 Pantone 1255
163 130 005 Pantone 126
124 099 022 Pantone 1265
244 226 135 Pantone 127
244 219 096 Pantone 128
242 209 061 Pantone 129
234 175 015 Pantone 130
226 145 000 Pantone 130 2X
198 147 010 Pantone 131
158 124 010 Pantone 132
112 091 010 Pantone 133
255 216 127 Pantone 134
255 214 145 Pantone 1345
252 201 099 Pantone 135
252 206 135 Pantone 1355
252 191 073 Pantone 136
252 186 094 Pantone 1365
252 163 017 Pantone 137
249 155 012 Pantone 1375
216 140 002 Pantone 138
204 122 002 Pantone 1385
175 117 005 Pantone 139
153 096 007 Pantone 1395
122 091 017 Pantone 140
107 071 020 Pantone 1405
242 206 104 Pantone 141
242 191 073 Pantone 142
239 178 045 Pantone 143
226 140 005 Pantone 144
198 127 007 Pantone 145
158 107 005 Pantone 146
114 094 038 Pantone 147
255 214 155 Pantone 148
255 183 119 Pantone 1485
252 204 147 Pantone 149
255 153 063 Pantone 1495
252 173 086 Pantone 150
244 124 000 Pantone 1505
247 127 000 Pantone 151
221 117 000 Pantone 152
181 084 000 Pantone 1525
188 109 010 Pantone 153
140 068 000 Pantone 1535
153 089 005 Pantone 154
076 040 015 Pantone 1545
244 219 170 Pantone 155
249 191 158 Pantone 1555
242 198 140 Pantone 156
252 165 119 Pantone 1565
237 160 079 Pantone 157
252 135 068 Pantone 1575
232 117 017 Pantone 158
249 107 007 Pantone 1585
198 096 005 Pantone 159
209 091 005 Pantone 1595
158 084 010 Pantone 160
160 079 017 Pantone 1605
099 058 017 Pantone 161
132 063 015 Pantone 1615
249 198 170 Pantone 162
249 165 140 Pantone 1625
252 158 112 Pantone 163
249 142 109 Pantone 1635
252 127 063 Pantone 164
249 114 066 Pantone 1645
249 099 002 Pantone 165
234 079 000 Pantone 165 2X
249 086 002 Pantone 1655
221 089 000 Pantone 166
221 079 005 Pantone 1665
188 079 007 Pantone 167
165 063 015 Pantone 1675
109 048 017 Pantone 168
132 053 017 Pantone 1685
249 186 170 Pantone 169
249 137 114 Pantone 170
249 096 058 Pantone 171
247 073 002 Pantone 172
209 068 020 Pantone 173
147 051 017 Pantone 174
109 051 033 Pantone 175
249 175 173 Pantone 176
249 158 163 Pantone 1765
249 178 183 Pantone 1767
249 130 127 Pantone 177
249 132 142 Pantone 1775
252 102 117 Pantone 1777
249 094 089 Pantone 178
252 079 089 Pantone 1785
244 063 079 Pantone 1787
239 043 045 Pantone 1788
214 033 000 Pantone 1788 2X
226 061 040 Pantone 179
214 040 040 Pantone 1795
204 045 048 Pantone 1797
193 056 040 Pantone 180
175 038 038 Pantone 1805
160 048 051 Pantone 1807
124 045 035 Pantone 181
124 033 030 Pantone 1810
091 045 040 Pantone 1817
249 191 193 Pantone 182
252 140 153 Pantone 183
252 094 114 Pantone 184
232 017 045 Pantone 185
209 022 000 Pantone 185 2X
206 017 038 Pantone 186
175 030 045 Pantone 187
124 033 040 Pantone 188
255 163 178 Pantone 189
252 191 201 Pantone 1895
252 117 142 Pantone 190
252 155 178 Pantone 1905
244 071 107 Pantone 191
244 084 124 Pantone 1915
229 005 058 Pantone 192
224 007 071 Pantone 1925
219 130 140 Pantone 193
193 005 056 Pantone 1935
153 033 053 Pantone 194
168 012 053 Pantone 1945
147 022 056 Pantone 1955
244 201 201 Pantone 196
239 153 163 Pantone 197
119 045 053 Pantone 198
216 028 063 Pantone 199
196 030 058 Pantone 200
163 038 056 Pantone 201
140 038 051 Pantone 202
242 175 193 Pantone 203
237 122 158 Pantone 204
229 076 124 Pantone 205
211 005 071 Pantone 206
186 170 158 Pantone 207
142 035 068 Pantone 208
117 038 061 Pantone 209
255 160 191 Pantone 210
255 119 168 Pantone 211
249 079 142 Pantone 212
234 015 107 Pantone 213
204 002 086 Pantone 214
165 005 068 Pantone 215
124 030 063 Pantone 216
244 191 209 Pantone 217
237 114 170 Pantone 218
226 040 130 Pantone 219
170 000 079 Pantone 220
147 000 066 Pantone 221
112 025 061 Pantone 222
249 147 196 Pantone 223
244 107 175 Pantone 224
237 040 147 Pantone 225
214 002 112 Pantone 226
173 000 091 Pantone 227
140 000 076 Pantone 228
109 033 063 Pantone 229
255 160 204 Pantone 230
252 112 186 Pantone 231
244 063 165 Pantone 232
206 000 124 Pantone 233
170 000 102 Pantone 234
142 005 084 Pantone 235
249 175 211 Pantone 236
247 196 216 Pantone 2365
244 132 196 Pantone 237
234 107 191 Pantone 2375
237 079 175 Pantone 238
219 040 165 Pantone 2385
224 033 158 Pantone 239
196 005 124 Pantone 239 2X
196 000 140 Pantone 2395
196 015 137 Pantone 240
168 000 122 Pantone 2405
173 000 117 Pantone 241
155 000 112 Pantone 2415
124 028 081 Pantone 242
135 000 091 Pantone 2425
242 186 216 Pantone 243
237 160 211 Pantone 244
232 127 201 Pantone 245
204 000 160 Pantone 246
183 000 142 Pantone 247
163 005 127 Pantone 248
127 040 096 Pantone 249
237 196 221 Pantone 250
226 158 214 Pantone 251
211 107 198 Pantone 252
175 035 165 Pantone 253
160 045 150 Pantone 254
119 045 107 Pantone 255
229 196 214 Pantone 256
216 168 216 Pantone 2562
209 160 204 Pantone 2563
191 147 204 Pantone 2567
211 165 201 Pantone 257
198 135 209 Pantone 2572
186 124 188 Pantone 2573
170 114 191 Pantone 2577
155 079 150 Pantone 258
170 071 186 Pantone 2582
158 079 165 Pantone 2583
142 071 173 Pantone 2587
114 022 107 Pantone 259
147 015 165 Pantone 2592
114 000 130 Pantone 2592 2X
135 043 147 Pantone 2593
102 000 140 Pantone 2597
104 030 091 Pantone 260
130 012 142 Pantone 2602
112 020 122 Pantone 2603
091 002 122 Pantone 2607
094 033 084 Pantone 261
112 030 114 Pantone 2612
102 017 109 Pantone 2613
086 012 112 Pantone 2617
084 035 068 Pantone 262
096 045 089 Pantone 2622
091 025 094 Pantone 2623
076 020 094 Pantone 2627
224 206 224 Pantone 263
201 173 216 Pantone 2635
198 170 219 Pantone 264
181 145 209 Pantone 2645
150 099 196 Pantone 265
155 109 198 Pantone 2655
109 040 170 Pantone 266
137 079 191 Pantone 2665
089 017 142 Pantone 267
079 033 112 Pantone 268
086 000 140 Pantone 2685
068 035 089 Pantone 269
068 035 094 Pantone 2695
186 175 211 Pantone 270
173 158 211 Pantone 2705
209 206 221 Pantone 2706
191 209 229 Pantone 2707
175 188 219 Pantone 2708
158 145 198 Pantone 271
147 122 204 Pantone 2715
165 160 214 Pantone 2716
165 186 224 Pantone 2717
091 119 204 Pantone 2718
137 119 186 Pantone 272
114 081 188 Pantone 2725
102 086 188 Pantone 2726
094 104 196 Pantone 2727
048 068 181 Pantone 2728
056 025 122 Pantone 273
079 000 147 Pantone 2735
073 048 173 Pantone 2736
045 000 142 Pantone 2738
043 017 102 Pantone 274
063 000 119 Pantone 2745
063 040 147 Pantone 2746
028 020 107 Pantone 2747
030 028 119 Pantone 2748
038 015 084 Pantone 275
053 000 109 Pantone 2755
051 040 117 Pantone 2756
020 022 084 Pantone 2757
025 033 104 Pantone 2758
043 033 071 Pantone 276
043 012 086 Pantone 2765
043 038 091 Pantone 2766
020 033 061 Pantone 2767
017 033 081 Pantone 2768
181 209 232 Pantone 277
153 186 221 Pantone 278
102 137 204 Pantone 279
000 043 127 Pantone 280
000 040 104 Pantone 281
000 038 084 Pantone 282
155 196 226 Pantone 283
117 170 219 Pantone 284
058 117 196 Pantone 285
000 056 168 Pantone 286
000 056 147 Pantone 287
000 051 127 Pantone 288
000 038 073 Pantone 289
196 216 226 Pantone 290
147 198 224 Pantone 2905
168 206 226 Pantone 291
096 175 221 Pantone 2915
117 178 221 Pantone 292
000 142 214 Pantone 2925
000 081 186 Pantone 293
000 091 191 Pantone 2935
000 063 135 Pantone 294
000 084 160 Pantone 2945
000 056 107 Pantone 295
000 061 107 Pantone 2955
000 045 071 Pantone 296
000 051 076 Pantone 2965
130 198 226 Pantone 297
186 224 226 Pantone 2975
081 181 224 Pantone 298
081 191 226 Pantone 2985
000 163 221 Pantone 299
000 127 204 Pantone 299 2X
000 165 219 Pantone 2995
000 114 198 Pantone 300
000 132 201 Pantone 3005
000 091 153 Pantone 301
000 112 158 Pantone 3015
000 079 109 Pantone 302
000 084 107 Pantone 3025
000 063 084 Pantone 303
000 068 084 Pantone 3035
165 221 226 Pantone 304
112 206 226 Pantone 305
000 188 226 Pantone 306
000 163 209 Pantone 306 2X
000 122 165 Pantone 307
000 096 124 Pantone 308
000 063 073 Pantone 309
114 209 221 Pantone 310
127 214 219 Pantone 3105
040 196 216 Pantone 311
045 198 214 Pantone 3115
000 173 198 Pantone 312
000 183 198 Pantone 3125
000 153 181 Pantone 313
000 155 170 Pantone 3135
000 130 155 Pantone 314
000 132 142 Pantone 3145
000 107 119 Pantone 315
000 109 117 Pantone 3155
000 073 079 Pantone 316
000 086 091 Pantone 3165
201 232 221 Pantone 317
147 221 219 Pantone 318
076 206 209 Pantone 319
000 158 160 Pantone 320
000 127 130 Pantone 320 2X
000 135 137 Pantone 321
000 114 114 Pantone 322
000 102 099 Pantone 323
170 221 214 Pantone 324
135 221 209 Pantone 3242
140 224 209 Pantone 3245
122 211 193 Pantone 3248
086 201 193 Pantone 325
086 214 201 Pantone 3252
071 214 193 Pantone 3255
053 196 175 Pantone 3258
000 178 170 Pantone 326
000 193 181 Pantone 3262
000 198 178 Pantone 3265
000 175 153 Pantone 3268
000 140 130 Pantone 327
000 137 119 Pantone 327 2X
000 170 158 Pantone 3272
000 178 160 Pantone 3275
000 155 132 Pantone 3278
000 119 112 Pantone 328
000 140 130 Pantone 3282
000 153 135 Pantone 3285
000 130 112 Pantone 3288
000 109 102 Pantone 329
000 096 086 Pantone 3292
000 130 114 Pantone 3295
000 107 091 Pantone 3298
000 089 081 Pantone 330
000 073 063 Pantone 3302
000 079 066 Pantone 3305
000 068 056 Pantone 3308
186 234 214 Pantone 331
160 229 206 Pantone 332
094 221 193 Pantone 333
000 153 124 Pantone 334
000 124 102 Pantone 335
000 104 084 Pantone 336
155 219 193 Pantone 337
142 226 188 Pantone 3375
122 209 181 Pantone 338
084 216 168 Pantone 3385
000 178 140 Pantone 339
000 201 147 Pantone 3395
000 153 119 Pantone 340
000 178 122 Pantone 3405
000 122 094 Pantone 341
000 124 089 Pantone 3415
000 107 084 Pantone 342
000 104 071 Pantone 3425
000 086 063 Pantone 343
002 073 048 Pantone 3435
181 226 191 Pantone 344
150 216 175 Pantone 345
112 206 155 Pantone 346
000 158 096 Pantone 347
000 135 081 Pantone 348
000 107 063 Pantone 349
035 079 051 Pantone 350
181 232 191 Pantone 351
153 229 178 Pantone 352
132 226 168 Pantone 353
000 183 096 Pantone 354
000 158 073 Pantone 355
000 122 061 Pantone 356
033 091 051 Pantone 357
170 221 150 Pantone 358
160 219 142 Pantone 359
096 198 089 Pantone 360
030 181 058 Pantone 361
051 158 053 Pantone 362
061 142 051 Pantone 363
058 119 040 Pantone 364
211 232 163 Pantone 365
196 229 142 Pantone 366
170 221 109 Pantone 367
091 191 033 Pantone 368
000 158 015 Pantone 368 2X
086 170 028 Pantone 369
086 142 020 Pantone 370
086 107 033 Pantone 371
216 237 150 Pantone 372
206 234 130 Pantone 373
186 232 096 Pantone 374
140 214 000 Pantone 375
084 188 000 Pantone 375 2X
127 186 000 Pantone 376
112 147 002 Pantone 377
086 099 020 Pantone 378
224 234 104 Pantone 379
214 229 066 Pantone 380
204 226 038 Pantone 381
186 216 010 Pantone 382
158 196 000 Pantone 382 2X
163 175 007 Pantone 383
147 153 005 Pantone 384
112 112 020 Pantone 385
232 237 096 Pantone 386
224 237 068 Pantone 387
214 232 015 Pantone 388
206 224 007 Pantone 389
186 196 005 Pantone 390
158 158 007 Pantone 391
132 130 005 Pantone 392
242 239 135 Pantone 393
242 237 109 Pantone 3935
234 237 053 Pantone 394
239 234 007 Pantone 3945
229 232 017 Pantone 395
237 226 017 Pantone 3955
224 226 012 Pantone 396
232 221 017 Pantone 3965
193 191 010 Pantone 397
181 168 012 Pantone 3975
175 168 010 Pantone 398
153 140 010 Pantone 3985
153 142 007 Pantone 399
109 096 002 Pantone 3995
209 198 181 Pantone 400
193 181 165 Pantone 401
175 165 147 Pantone 402
153 140 124 Pantone 403
130 117 102 Pantone 404
107 094 079 Pantone 405
206 193 181 Pantone 406
168 153 140 Pantone 408
153 137 124 Pantone 409
124 109 099 Pantone 410
102 089 076 Pantone 411
061 048 040 Pantone 412
198 193 178 Pantone 413
181 175 160 Pantone 414
163 158 140 Pantone 415
142 140 122 Pantone 416
119 114 099 Pantone 417
096 094 079 Pantone 418
040 040 033 Pantone 419
209 204 191 Pantone 420
191 186 175 Pantone 421
175 170 163 Pantone 422
150 147 142 Pantone 423
130 127 119 Pantone 424
096 096 091 Pantone 425
043 043 040 Pantone 426
221 219 209 Pantone 427
209 206 198 Pantone 428
173 175 170 Pantone 429
145 150 147 Pantone 430
102 109 112 Pantone 431
068 079 081 Pantone 432
048 056 058 Pantone 433
010 012 017 Pantone 433 2X
224 209 198 Pantone 434
211 191 183 Pantone 435
188 165 158 Pantone 436
140 112 107 Pantone 437
089 063 061 Pantone 438
073 053 051 Pantone 439
063 048 043 Pantone 440
209 209 198 Pantone 441
186 191 183 Pantone 442
163 168 163 Pantone 443
137 142 140 Pantone 444
086 089 089 Pantone 445
073 076 073 Pantone 446
063 063 056 Pantone 447
084 071 045 Pantone 448
096 076 017 Pantone 4485
084 071 038 Pantone 449
350 170 048 Pantone 4495
096 084 043 Pantone 450
160 145 081 Pantone 4505
173 160 122 Pantone 451
188 173 117 Pantone 4515
196 183 150 Pantone 452
000 153 068 Pantone 452 2X
204 191 142 Pantone 4525
214 204 175 Pantone 453
219 206 165 Pantone 4535
226 216 191 Pantone 454
229 219 186 Pantone 4545
102 086 020 Pantone 455
153 135 020 Pantone 456
181 155 012 Pantone 457
221 204 107 Pantone 458
226 214 124 Pantone 459
234 221 150 Pantone 460
237 229 173 Pantone 461
091 071 035 Pantone 462
071 035 017 Pantone 4625
117 084 038 Pantone 463
140 089 051 Pantone 4635
135 096 040 Pantone 464
112 066 020 Pantone 464 2X
178 130 096 Pantone 4645
193 168 117 Pantone 465
196 153 119 Pantone 4655
209 191 145 Pantone 466
216 181 150 Pantone 4665
221 204 165 Pantone 467
229 198 170 Pantone 4675
226 214 181 Pantone 468
237 211 188 Pantone 4685
096 051 017 Pantone 469
081 038 028 Pantone 4695
155 079 025 Pantone 470
124 081 061 Pantone 4705
188 094 030 Pantone 471
163 068 002 Pantone 471 2X
153 112 091 Pantone 4715
234 170 122 Pantone 472
181 145 124 Pantone 4725
244 196 160 Pantone 473
204 175 155 Pantone 4735
244 204 170 Pantone 474
216 191 170 Pantone 4745
247 211 181 Pantone 475
226 204 186 Pantone 4755
089 061 043 Pantone 476
099 056 038 Pantone 477
122 063 040 Pantone 478
175 137 112 Pantone 479
211 183 163 Pantone 480
224 204 186 Pantone 481
229 211 193 Pantone 482
107 048 033 Pantone 483
155 048 028 Pantone 484
216 030 005 Pantone 485
204 012 000 Pantone 485 2X
237 158 132 Pantone 486
239 181 160 Pantone 487
242 196 175 Pantone 488
242 209 191 Pantone 489
091 038 038 Pantone 490
117 040 040 Pantone 491
145 051 056 Pantone 492
242 173 178 Pantone 494
244 188 191 Pantone 495
247 201 198 Pantone 496
081 040 038 Pantone 497
068 030 028 Pantone 4975
109 051 043 Pantone 498
132 073 073 Pantone 4985
122 056 045 Pantone 499
165 107 109 Pantone 4995
206 137 140 Pantone 500
188 135 135 Pantone 5005
234 178 178 Pantone 501
216 173 168 Pantone 5015
242 198 196 Pantone 502
226 188 183 Pantone 5025
244 209 204 Pantone 503
237 206 198 Pantone 5035
081 030 038 Pantone 504
102 030 043 Pantone 505
122 038 056 Pantone 506
216 137 155 Pantone 507
232 165 175 Pantone 508
242 186 191 Pantone 509
244 198 201 Pantone 510
096 033 068 Pantone 511
079 033 058 Pantone 5115
132 033 107 Pantone 512
117 071 096 Pantone 5125
158 035 135 Pantone 513
147 107 127 Pantone 5135
216 132 188 Pantone 514
173 135 153 Pantone 5145
232 163 201 Pantone 515
204 175 183 Pantone 5155
242 186 211 Pantone 516
224 201 204 Pantone 5165
244 204 216 Pantone 517
232 214 209 Pantone 5175
081 045 068 Pantone 518
071 040 053 Pantone 5185
099 048 094 Pantone 519
089 051 068 Pantone 5195
112 053 114 Pantone 520
142 104 119 Pantone 5205
181 140 178 Pantone 521
181 147 155 Pantone 5215
198 163 193 Pantone 522
204 173 175 Pantone 5225
211 183 204 Pantone 523
221 198 196 Pantone 5235
226 204 211 Pantone 524
229 211 204 Pantone 5245
081 038 084 Pantone 525
053 038 079 Pantone 5255
104 033 122 Pantone 526
073 061 099 Pantone 5265
122 030 153 Pantone 527
096 086 119 Pantone 5275
175 114 193 Pantone 528
140 130 153 Pantone 5285
206 163 211 Pantone 529
178 168 181 Pantone 5295
214 175 214 Pantone 530
204 193 198 Pantone 5305
229 198 219 Pantone 531
219 211 211 Pantone 5315
053 056 066 Pantone 532
053 063 091 Pantone 533
058 073 114 Pantone 534
155 163 183 Pantone 535
173 178 193 Pantone 536
196 198 206 Pantone 537
214 211 214 Pantone 538
000 048 073 Pantone 539
002 040 058 Pantone 5395
000 051 091 Pantone 540
063 096 117 Pantone 5405
000 063 119 Pantone 541
096 124 140 Pantone 5415
102 147 188 Pantone 542
132 153 165 Pantone 5425
147 183 209 Pantone 543
175 188 191 Pantone 5435
183 204 219 Pantone 544
196 204 204 Pantone 5445
196 211 221 Pantone 545
214 216 211 Pantone 5455
012 056 068 Pantone 546
000 053 058 Pantone 5463
025 056 051 Pantone 5467
000 063 084 Pantone 547
038 104 109 Pantone 5473
058 086 079 Pantone 5477
000 068 089 Pantone 548
096 145 145 Pantone 5483
102 124 114 Pantone 5487
094 153 170 Pantone 549
140 175 173 Pantone 5493
145 163 153 Pantone 5497
135 175 191 Pantone 550
170 196 191 Pantone 5503
175 186 178 Pantone 5507
163 193 201 Pantone 551
206 216 209 Pantone 5513
201 206 196 Pantone 5517
196 214 214 Pantone 552
214 221 214 Pantone 5523
206 209 198 Pantone 5527
035 068 053 Pantone 553
033 061 048 Pantone 5535
025 094 071 Pantone 554
079 109 094 Pantone 5545
007 109 084 Pantone 555
119 145 130 Pantone 5555
122 168 145 Pantone 556
150 170 153 Pantone 5565
163 193 173 Pantone 557
175 191 173 Pantone 5575
183 206 188 Pantone 558
196 206 191 Pantone 5585
198 214 196 Pantone 559
216 219 204 Pantone 5595
043 076 063 Pantone 560
035 058 045 Pantone 5605
038 102 089 Pantone 561
084 104 086 Pantone 5615
030 122 109 Pantone 562
114 132 112 Pantone 5625
127 188 170 Pantone 563
158 170 153 Pantone 5635
005 112 094 Pantone 564
188 193 178 Pantone 5645
188 219 204 Pantone 565
198 204 186 Pantone 5655
209 226 211 Pantone 566
214 214 198 Pantone 5665
038 081 066 Pantone 567
000 135 114 Pantone 569
127 198 178 Pantone 570
170 219 198 Pantone 571
188 226 206 Pantone 572
204 229 214 Pantone 573
073 089 040 Pantone 574
063 073 038 Pantone 5743
066 071 022 Pantone 5747
084 119 048 Pantone 575
094 102 058 Pantone 5753
107 112 043 Pantone 5757
096 142 058 Pantone 576
119 124 079 Pantone 5763
140 145 079 Pantone 5767
181 204 142 Pantone 577
155 158 114 Pantone 5773
170 173 117 Pantone 5777
198 214 160 Pantone 578
181 181 142 Pantone 5783
198 198 153 Pantone 5787
201 214 163 Pantone 579
198 198 165 Pantone 5793
211 209 170 Pantone 5797
216 221 181 Pantone 580
216 214 183 Pantone 5803
224 221 188 Pantone 5807
096 094 017 Pantone 581
073 068 017 Pantone 5815
135 137 005 Pantone 582
117 112 043 Pantone 5825
170 186 010 Pantone 583
158 153 089 Pantone 5835
206 214 073 Pantone 584
178 170 112 Pantone 5845
219 224 107 Pantone 585
204 198 147 Pantone 5855
226 229 132 Pantone 586
214 206 163 Pantone 5865
232 232 155 Pantone 587
224 219 181 Pantone 5875
244 237 175 Pantone 600
242 237 158 Pantone 601
242 234 135 Pantone 602
237 232 091 Pantone 603
232 221 033 Pantone 604
221 206 017 Pantone 605
211 191 017 Pantone 606
242 234 188 Pantone 607
239 232 173 Pantone 608
234 229 150 Pantone 609
226 219 114 Pantone 610
214 206 073 Pantone 611
196 186 000 Pantone 612
175 160 012 Pantone 613
234 226 183 Pantone 614
226 219 170 Pantone 615
221 214 155 Pantone 616
204 196 124 Pantone 617
181 170 089 Pantone 618
150 140 040 Pantone 619
132 119 017 Pantone 620
216 221 206 Pantone 621
193 209 191 Pantone 622
165 191 170 Pantone 623
127 160 140 Pantone 624
091 135 114 Pantone 625
033 084 063 Pantone 626
012 048 038 Pantone 627
204 226 221 Pantone 628
178 216 216 Pantone 629
140 204 211 Pantone 630
084 183 198 Pantone 631
000 160 186 Pantone 632
000 127 153 Pantone 633
000 102 127 Pantone 634
186 224 224 Pantone 635
153 214 221 Pantone 636
107 201 219 Pantone 637
000 181 214 Pantone 638
000 160 196 Pantone 639
000 140 178 Pantone 640
000 122 165 Pantone 641
209 216 216 Pantone 642
198 209 214 Pantone 643
155 175 196 Pantone 644
119 150 178 Pantone 645
094 130 163 Pantone 646
038 084 124 Pantone 647
000 048 094 Pantone 648
214 214 216 Pantone 649
191 198 209 Pantone 650
155 170 191 Pantone 651
109 135 168 Pantone 652
051 086 135 Pantone 653
015 043 091 Pantone 654
012 028 071 Pantone 655
214 219 224 Pantone 656
193 201 221 Pantone 657
165 175 214 Pantone 658
127 140 191 Pantone 659
089 096 168 Pantone 660
045 051 142 Pantone 661
012 025 117 Pantone 662
226 211 214 Pantone 663
216 204 209 Pantone 664
198 181 196 Pantone 665
168 147 173 Pantone 666
127 102 137 Pantone 667
102 073 117 Pantone 668
071 043 089 Pantone 669
242 214 216 Pantone 670
239 198 211 Pantone 671
234 170 196 Pantone 672
224 140 178 Pantone 673
211 107 158 Pantone 674
188 056 119 Pantone 675
160 000 084 Pantone 676
237 214 214 Pantone 677
234 204 206 Pantone 678
229 191 198 Pantone 679
211 158 175 Pantone 680
183 114 142 Pantone 681
160 081 117 Pantone 682
127 040 079 Pantone 683
239 204 206 Pantone 684
234 191 196 Pantone 685
224 170 186 Pantone 686
201 137 158 Pantone 687
178 102 132 Pantone 688
147 066 102 Pantone 689
112 035 066 Pantone 690
239 209 201 Pantone 691
232 191 186 Pantone 692
219 168 165 Pantone 693
201 140 140 Pantone 694
178 107 112 Pantone 695
142 071 073 Pantone 696
127 056 058 Pantone 697
247 209 204 Pantone 698
247 191 191 Pantone 699
242 165 170 Pantone 700
232 135 142 Pantone 701
214 096 109 Pantone 702
183 056 068 Pantone 703
158 040 040 Pantone 704
249 221 214 Pantone 705
252 201 198 Pantone 706
252 173 175 Pantone 707
249 142 153 Pantone 708
242 104 119 Pantone 709
224 066 081 Pantone 710
209 045 051 Pantone 711
255 211 170 Pantone 712
249 201 163 Pantone 713
249 186 130 Pantone 714
252 158 073 Pantone 715
242 132 017 Pantone 716
211 109 000 Pantone 717
191 091 000 Pantone 718
244 209 175 Pantone 719
239 196 158 Pantone 720
232 178 130 Pantone 721
209 142 084 Pantone 722
186 117 048 Pantone 723
142 073 005 Pantone 724
117 056 002 Pantone 725
237 211 181 Pantone 726
226 191 155 Pantone 727
211 168 124 Pantone 728
193 142 096 Pantone 729
170 117 063 Pantone 730
114 063 010 Pantone 731
096 051 010 Pantone 732
000 170 204 Pantone 801
000 137 175 Pantone 801 2X
096 221 073 Pantone 802
028 206 040 Pantone 802 2X
255 237 056 Pantone 803
255 216 022 Pantone 803 2X
255 147 056 Pantone 804
255 127 030 Pantone 804 2X
249 089 081 Pantone 805
249 058 043 Pantone 805 2X
255 000 147 Pantone 806
247 002 124 Pantone 806 2X
214 000 158 Pantone 807
191 000 140 Pantone 807 2X
000 181 155 Pantone 808
000 160 135 Pantone 808 2X
221 224 015 Pantone 809
214 214 012 Pantone 809 2X
255 204 030 Pantone 810
255 188 033 Pantone 810 2X
255 114 071 Pantone 811
255 084 022 Pantone 811 2X
252 035 102 Pantone 812
252 007 079 Pantone 812 2X
229 000 153 Pantone 813
209 000 132 Pantone 813 2X
140 096 193 Pantone 814
112 063 175 Pantone 814 2X